((("/h2" .
   [1 0 0])
  ("TBA" .
   [4 0 0])
  ("Provided" .
   [1 0 0 0 0 0 0 0])
  ("Be" .
   [1 0])
  ("be" .
   [2 0])
  ("To" .
   [2 0])
  ("/a/0" .
   [1 0 0 0])
  ("Tree" .
   [1 0 0 0])
  ("Name" .
   [2 0 0 0])
  ("入力" .
   [1 0])
  ("count" .
   [1 0 0 0 0])
  ("subsection" .
   [1 0 0 0 0 0 0 0 0 0])
  ("Network" .
   [0 0 0 0 0 0 1])
  ("IN13-J" .
   [0 0 0 0 1 0])
  ("Nakai14" .
   [1 0 0 0 0 0 0])
  ("cite" .
   [1 0 0 0])
  ("1500Byte" .
   [1 0 0 0 0 0 0 0])
  ("ref" .
   [3 0 0])
  ("BYTE" .
   [3 0 0 0])
  ("eqnarray" .
   [0 0 1 0 0 0 0 1])
  ("byte/s" .
   [2 0 0 0 0 0])
  ("equation" .
   [0 0 0 0 3 0 0 0])
  ("label" .
   [0 0 1 1 0])
  ("bytes" .
   [3 0 2 0 0])
  ("m" .
   [1])
  ("であるこ" .
   [1 0 0 0])
  ("PACKET" .
   [3 0 0 0 0 0])
  ("packet/s" .
   [1 0 0 0 0 0 0 0])
  ("パケットの入" .
   [0 0 0 0 1 0])
  ("nic" .
   [4 0 0])
  ("MEMIDLE" .
   [2 0 0 0 0 0 0])
  ("-eq" .
   [1 0 0])
  ("CPU" .
   [1 0 0])
  ("rstrip" .
   [0 0 1 0 1 0])
  ("line" .
   [2 0 0 0])
  ("taskset" .
   [2 0 0 0 0 0 0])
  ("getpid" .
   [1 0 0 0 0 0])
  ("python" .
   [1 0 0 0 0 0])
  ("Linux" .
   [1 0 0 0 0])
  ("10GbE" .
   [1 0 0 0 0])
  ("NIC" .
   [2 0 0])
  ("bib" .
   [1 0 0])
  ("./report6.bib" .
   [0 0 0 0 1 0 0 0 0 0 0 0 0])
  ("memicon" .
   [1 0 0 0 0 0 0])
  ("mem" .
   [2 0 0])
  ("widget_ram" .
   [1 0 0 0 0 0 0 0 0 0])
  ("cpuicon" .
   [1 0 0 0 0 0 0])
  ("widget_cpu" .
   [1 0 0 0 0 0 0 0 0 0])
  ("cpu" .
   [2 0 0])
  ("set_middle" .
   [1 0 0 0 0 0 0 0 0 0])
  ("set_left" .
   [1 0 0 0 0 0 0 0])
  ("cpupct3" .
   [1 0 0 0 0 0 0])
  ("sset" .
   [1 0 0 0])
  ("playback" .
   [3 0 0 0 1 0 0 0])
  ("./namelist.org" .
   [0 0 1 0 0 0 0 0 0 0 0 0 0 0])
  ("nil" .
   [1 0 0])
  ("org-latex-classes" .
   [0 0 0 0 0 0 0 0 0 0 0 0 1 0 0 0 0])
  ("add-to-list" .
   [0 0 0 1 1 0 0 1 0 0 0])
  ("携帯電話や" .
   [1 0 0 0 0])
  ("rep" .
   [1 0 1])
  ("推薦/" .
   [0 0 1])
  ("care-of" .
   [1 0 1 0 1 0 0])
  ("address" .
   [2 0 0 2 0 0 0])
  ("permanent" .
   [0 0 0 1 0 0 0 0 0])
  ("eps" .
   [1 0 0])
  ("network" .
   [2 0 0 0 0 0 0])
  ("figure" .
   [2 0 0 1 0 0])
  ("ネットワーク図" .
   [1 0 0 0 0 0 0])
  ("fig" .
   [3 0 2])
  ("大杉海斗" .
   [0 0 1 0])
  ("長谷川研究室" .
   [0 0 0 2 0 0])
  ("大阪大学大学院情報科学研究科" .
   [1 0 0 0 0 0 0 0 0 0 0 0 0 0])
  ("emacs" .
   [1 0 0 0 0])
  ("helm-find-files" .
   [0 0 0 0 0 0 0 0 0 1 0 0 0 0 0])
  ("helm-resume" .
   [0 0 0 0 0 0 0 1 0 0 0])
  ("helm-buffers-list" .
   [1 0 0 0 0 0 0 0 0 0 0 0 0 0 0 0 0])
  ("helm-buffers" .
   [1 0 0 0 0 0 0 0 0 0 0 0])
  ("includegraphics" .
   [0 0 1 1 0 0 0 0 0 0 0 0 0 0 0])
  ("hoge" .
   [1 0 0 0])
  ("t" .
   [1])
  ("ac-sources" .
   [0 0 0 0 0 1 0 0 0 0])
  ("i" .
   [2])
  ("foobar" .
   [0 0 0 0 0 1])
  ("skype" .
   [1 0 0 0 0])
  ("utf-8" .
   [0 0 0 0 1])
  ("helm-occur" .
   [3 0 0 0 0 0 0 0 0 0])
  ("helm-migemo" .
   [2 0 0 0 0 0 0 0 0 0 0])
  ("frame" .
   [0 0 0 5 1])
  ("fra" .
   [11 0 1])
  ("FIB" .
   [1 0 0])
  ("/etc/" .
   [0 0 1 0 0])
  ("/etc/X11/" .
   [0 0 0 0 0 1 0 0 0])
  ("/etc/X11/xorg.conf.d/" .
   [0 0 0 0 0 0 0 0 0 1 0 0 0 0 0 0 0 0 0 0 0])
  ("/etc/X11/xorg.conf.d/10-evdev.conf" .
   [0 0 0 0 0 0 0 0 0 0 0 0 0 0 0 0 0 0 0 0 0 1 0 0 0 0 0 0 0 0 0 0 0 0])
  ("現在までの研究の流れ" .
   [1 0 0 0 0 0 0 0 0 0])
  ("研究内容の説明" .
   [1 0 0 0 0 0 0])
  ("大阪大学情報科学研究科情報ネットワーク学専攻" .
   [0 0 0 0 0 0 1 0 0 0 0 0 0 0 0 0 0 0 0 0 0 0])
  ("33E13003" .
   [0 0 0 2 0 0 0 0])
  ("Scalability" .
   [1 0 0 0 0 0 0 0 0 0 0])
  ("Efficiency" .
   [0 0 0 0 0 0 0 1 0 0])
  ("利用者のモビリティのサポート" .
   [0 0 0 0 0 0 0 0 0 1 0 0 0 0])
  ("setq" .
   [1 0 0 0])
  ("org" .
   [1 0 0])
  ("require" .
   [1 0 0 0 0 0 0])
  ("evil-numbers" .
   [0 0 0 0 0 0 1 0 0 0 0 0])
  ("right_wibox" .
   [0 0 0 0 1 0 0 0 0 0 0])
  ("txwidget" .
   [0 0 0 0 1 0 0 0])
  ("rx" .
   [1 0])
  ("|------------+------------+----------------------------------------------------------------------------------------------------|" .
   [0 0 1 0 0 0 0 0 0 0 0 0 0 0 0 0 0 0 0 0 0 0 0 0 0 0 0 0 0 0 0 0 0 0 0 0 0 0 0 0 0 0 0 0 0 0 0 0 0 0 0 0 0 0 0 0 0 0 0 0 0 0 0 0 0 0 0 0 0 0 0 0 0 0 0 0 0 0 0 0 0 0 0 0 0 0 0 0 0 0 0 0 0 0 0 0 0 0 0 0 0 0 0 0 0 0 0 0 0 0 0 0 0 0 0 0 0 0 0 0 0 0 0 0 0 0 0 0])
  ("NEC" .
   [1 0 0])
  ("日立製作所" .
   [1 0 0 0 0])
  ("lookup" .
   [0 0 0 0 0 1])
  ("auto-complete-mode" .
   [1 0 0 0 0 0 0 0 0 0 0 0 0 0 0 0 0 0])
  ("global-auto-complete-mode" .
   [0 0 0 0 0 0 0 0 0 0 0 1 0 0 0 0 0 0 0 0 0 0 0 0 0])
  ("ディスパッチャの設計" .
   [1 0 0 0 0 0 0 1 0 0])
  ("of" .
   [2 0])
  ("Information" .
   [0 0 0 0 0 1 0 0 0 0 0])
  ("Internet" .
   [0 0 0 0 0 1 0 0])
  ("Dispatcher" .
   [1 0 0 0 0 0 0 0 0 0])
  ("packet" .
   [2 0 0 0 0 0])
  ("cpuset" .
   [1 0 0 0 0 0])
  ("前回ミーティングのまとめ" .
   [1 0 0 0 0 0 0 0 0 0 0 0])
  ("mult" .
   [1 0 0 0])
  ("size" .
   [1 0 0 0])
  ("ii" .
   [1 0])
  ("f" .
   [2])
  ("メモリデバイスの消費電力" .
   [0 0 0 0 0 0 0 0 1 0 0 0])
  ("figure/figure3" .
   [0 0 0 0 0 0 0 1 0 0 0 0 0 0])
  ("h" .
   [1])
  ("/figure/fig4" .
   [1 0 0 0 0 0 0 0 0 0 0 0])
  ("pmem" .
   [0 0 0 1])
  ("費電力" .
   [1 0 0])
  ("メモリ" .
   [1 0 0])
  ("アクティブな" .
   [1 0 0 0 0 0])
  ("eq" .
   [1 0])
  ("rate" .
   [3 0 0 0])
  ("IP" .
   [3 0])
  ("Pnic" .
   [2 0 0 0])
  ("Joule/packet" .
   [1 0 0 0 0 0 0 0 0 0 0 0])
  ("Cisco" .
   [1 0 0 0 0])
  ("メモリデバイス" .
   [1 0 0 0 0 0 0])
  ("では" .
   [1 0])
  ("non" .
   [0 0 1])
  ("であると仮定している" .
   [1 0 0 0 0 0 0 0 0 0])
  ("exampleblock" .
   [0 0 0 1 1 0 0 0 0 0 0 0])
  ("alert" .
   [11 0 0 0 0])
  ("begin" .
   [1 0 0 0 0])
  ("structure" .
   [0 0 0 0 1 0 0 0 0])
  ("width=0" .
   [2 0 0 0 0 0 0])
  ("class=" .
   [1 0 0 0 0 0])
  ("section" .
   [1 0 0 0 0 0 0])
  ("/div" .
   [2 0 0 0])
  ("div" .
   [2 0 0])
  ("background-color" .
   [0 0 0 0 1 0 0 0 0 0 0 0 0 0 0 0])
  ("FFFFFF" .
   [1 0 0 0 0 0])
  ("History" .
   [1 0 0 0 0 0 0])
  ("li" .
   [1 0])
  ("Call" .
   [1 0 0 0])
  ("for" .
   [1 0 0])
  ("2em" .
   [1 0 0])
  ("h1" .
   [1 0])))
